Multiple size <= 100
TEST 1 ARG:22 23 92 31 29 74 3 82 47 45 98 18 46 25 4 28 59 63 89 60 50 70 14 54 16 75 71 38 41 37 32 12 34 69 94 17 83 52 13 56 1 96 40 76 65 55 97 51 39 19 43 21 44 42 86 84 27 10 48 5 0 73 78 20 68 2 53 91 79 80 58 67 24 87 88 66 77 99 11 57 15 35 33 81 85 49 61 64 62 8 30 90 95 7 36 6 93 9 26 72
TEST 2 ARG:16 84 82 18 64 17 81 36 20 50 21 57 6 78 75 77 94 37 76 61 90 40 14 9 49 35 93 5 39 41 86 52 42 66 30 43 51 96 71 65 47 79 54 4 63 53 73 58 69 13 72 31 62 22 3 1 8 74 25 34 15 11 67 23 95 19 2 55 29 89 88 46 68 80 60 59 85 56 32 28 33 48 27 97 44 7 99 98 10 38 70 45 26 87 91 12 92 0 83 24
TEST 3 ARG:29 55 57 86 81 88 67 64 72 28 48 31 47 53 73 74 65 78 13 92 70 94 11 1 97 7 10 8 42 50 83 6 87 93 90 21 17 37 5 85 46 2 96 80 4 34 40 3 41 98 45 19 20 71 16 15 33 68 84 79 27 54 43 23 38 75 69 89 82 0 52 26 12 56 30 77 36 66 22 44 91 51 63 58 49 39 14 35 62 59 25 18 99 95 32 76 61 24 9 60
TEST 4 ARG:67 24 44 77 14 95 97 60 66 82 41 48 40 1 3 69 80 19 61 35 59 68 57 64 37 4 62 76 32 94 96 43 25 84 22 65 47 2 8 16 58 52 17 11 83 63 30 90 31 23 29 72 74 36 54 56 9 6 51 53 85 78 89 93 99 28 26 38 88 0 55 75 10 13 21 49 81 27 18 7 73 92 98 91 42 34 15 50 39 46 79 71 12 5 86 45 33 70 20 87
TEST 5 ARG:45 10 46 93 14 80 81 83 97 50 25 8 64 62 90 99 39 13 72 47 66 17 98 48 56 15 84 71 91 82 27 94 87 18 11 0 68 51 67 55 1 4 79 19 76 70 59 31 57 40 95 33 88 23 77 86 65 36 44 63 3 34 16 21 58 37 60 29 12 7 78 41 43 54 96 89 85 6 32 53 9 49 28 22 69 5 42 38 26 92 2 24 20 73 75 35 74 52 30 61
TEST 6 ARG:27 79 76 24 26 70 72 49 11 45 59 97 99 6 78 46 52 33 58 43 14 63 60 0 85 77 17 71 73 10 53 82 21 51 23 95 55 20 1 64 48 41 5 75 39 7 3 25 15 67 8 34 28 91 68 13 32 88 9 40 19 87 54 84 69 29 66 22 94 44 56 57 92 4 31 74 93 2 50 86 81 96 89 37 12 35 16 42 36 98 38 30 80 90 65 61 62 83 18 47
TEST 7 ARG:15 36 44 21 76 4 74 35 87 13 94 58 42 12 41 55 81 54 91 90 89 88 45 56 60 52 46 17 23 50 75 49 14 96 86 32 78 73 40 53 25 77 0 5 70 79 30 99 7 97 18 95 9 28 64 8 63 67 84 72 93 65 29 92 59 3 24 20 80 33 57 85 82 16 83 6 48 71 2 51 26 61 68 47 62 10 22 43 37 27 66 39 11 31 98 38 69 1 34 19
TEST 8 ARG:15 93 59 13 86 90 50 41 88 63 22 62 25 17 5 33 84 43 47 83 29 56 76 14 48 4 79 71 27 39 3 96 44 40 95 28 21 81 1 69 65 19 78 37 67 58 94 80 61 46 12 32 52 11 57 82 10 18 36 34 23 24 16 8 73 26 7 6 53 54 64 42 75 68 72 99 0 31 49 30 74 35 2 97 85 66 55 38 77 51 98 20 45 91 92 9 60 89 70 87
TEST 9 ARG:80 10 72 14 16 89 57 42 92 66 86 51 88 85 48 55 58 91 21 32 65 41 43 6 33 84 56 39 71 95 0 68 69 34 53 15 44 11 27 5 90 31 28 81 76 67 26 9 61 79 12 60 82 64 70 93 74 97 87 23 96 98 49 40 18 78 35 50 73 94 19 29 75 30 45 4 37 22 13 62 20 46 83 63 77 2 8 59 7 38 1 36 54 17 24 3 99 47 52 25
TEST 10 ARG:18 47 59 57 53 54 99 87 81 34 8 68 96 65 56 6 42 20 70 85 60 55 66 14 80 22 9 30 16 93 15 23 50 49 79 90 58 31 75 88 67 69 86 19 51 45 36 44 73 2 24 26 10 63 39 35 33 13 29 61 74 89 95 43 71 1 25 62 76 5 78 27 7 12 48 11 77 28 41 0 84 83 32 98 46 21 52 40 37 94 82 17 91 72 4 3 97 92 38 64
TEST 11 ARG:21 14 71 15 13 42 67 92 35 11 12 18 10 24 17 25 80 6 56 31 77 86 1 26 98 59 76 63 47 46 29 28 2 74 34 79 54 72 49 44 48 87 62 94 89 55 53 66 32 93 5 39 88 64 91 37 38 60 8 82 3 68 99 90 43 30 78 83 4 51 33 85 65 97 0 23 9 73 61 84 7 58 40 96 52 41 70 69 36 19 27 16 75 95 22 57 20 45 50 81
TEST 12 ARG:24 45 89 19 20 42 38 71 66 95 59 78 68 35 27 49 1 97 7 37 58 39 70 57 50 34 4 47 51 62 11 23 33 30 18 6 25 17 41 46 16 52 2 26 72 61 3 85 22 28 77 5 81 84 0 13 87 63 80 10 96 94 60 53 14 43 21 36 99 15 64 88 86 75 69 82 48 92 54 98 93 76 91 65 9 90 55 83 79 8 12 67 44 74 31 40 32 56 73 29
TEST 13 ARG:46 76 16 47 93 91 83 22 31 17 59 69 61 62 32 28 56 73 54 50 85 99 40 37 84 97 60 24 71 42 43 90 26 45 51 68 63 72 86 7 38 67 11 27 5 18 55 87 29 74 53 25 70 52 98 80 89 14 78 8 19 23 0 88 6 35 41 12 77 36 39 15 13 82 34 1 66 4 81 65 79 92 30 33 57 75 44 21 95 3 9 20 48 94 58 64 96 2 49 10
TEST 14 ARG:43 51 44 95 66 49 75 55 57 40 82 94 23 10 38 42 22 71 21 70 4 90 32 8 81 97 12 15 36 76 83 26 0 54 24 87 80 67 61 31 2 85 93 47 33 91 41 84 30 37 74 96 58 99 14 69 7 25 65 13 6 34 63 29 48 18 5 11 60 77 72 64 53 98 45 62 1 56 52 79 17 35 92 16 3 9 46 19 78 68 27 50 86 88 39 20 59 28 89 73
TEST 15 ARG:18 33 85 78 64 16 0 89 52 79 35 67 22 28 5 71 54 96 65 93 86 75 8 84 2 74 47 90 29 69 82 92 43 12 40 55 19 57 25 80 42 36 77 81 7 27 56 39 95 11 97 44 37 21 60 49 59 34 48 87 53 30 41 98 9 6 31 91 66 51 72 20 83 70 73 88 3 76 94 4 32 23 62 46 45 61 38 13 63 14 50 1 10 26 99 68 58 17 15 24
TEST 16 ARG:50 36 12 10 61 28 87 33 89 49 11 77 59 6 3 74 40 67 64 37 47 4 70 66 2 79 62 72 27 97 83 85 1 20 82 44 52 88 45 46 19 86 43 30 60 48 63 0 25 92 31 29 76 53 14 54 34 58 98 18 99 65 80 73 35 13 38 9 78 41 75 21 71 95 91 15 23 57 56 69 51 42 24 17 7 32 22 39 84 16 68 5 90 94 26 8 81 55 96 93
TEST 17 ARG:55 14 9 74 29 83 33 4 35 30 86 85 31 97 73 80 8 25 20 53 92 76 99 96 13 28 19 48 24 6 39 42 18 59 36 71 26 43 7 79 44 12 23 64 17 27 5 52 1 89 60 51 88 87 68 63 90 70 94 50 58 3 78 38 56 67 49 69 91 10 57 61 72 62 84 37 11 75 95 16 0 15 98 2 45 32 66 82 41 34 22 65 77 54 93 46 21 40 47 81
TEST 18 ARG:52 25 28 5 8 53 13 98 65 66 44 70 61 11 51 69 75 30 14 37 33 39 84 20 76 19 60 88 94 45 29 74 16 22 86 77 62 42 57 58 7 63 78 99 35 91 26 49 64 17 0 59 43 68 4 46 24 83 23 90 47 2 36 12 93 1 34 48 31 50 85 71 3 82 41 80 54 87 89 32 21 72 18 79 73 6 9 81 56 55 40 67 96 95 92 10 38 97 27 15
TEST 19 ARG:99 61 87 20 48 15 53 92 27 80 65 14 55 75 62 63 78 51 6 72 33 3 12 45 47 24 19 69 52 71 0 74 36 88 26 8 68 97 94 42 16 28 84 35 98 23 10 9 70 73 25 34 18 93 56 49 50 44 85 17 22 38 83 95 41 46 90 40 67 32 57 39 13 82 11 76 4 64 54 2 58 37 29 31 91 7 96 79 30 81 21 43 5 60 66 86 59 77 89 1
TEST 20 ARG:16 61 26 25 55 85 12 60 50 69 22 51 53 88 36 4 21 18 39 95 49 0 35 46 70 34 63 43 73 77 41 11 3 76 74 17 20 1 96 19 38 5 81 75 30 13 99 78 8 48 87 71 67 24 62 47 94 29 6 2 79 44 28 92 98 15 7 68 80 57 52 64 56 90 65 40 10 14 84 72 27 97 54 89 59 33 37 82 58 83 32 91 31 23 45 66 42 9 86 93
TEST 21 ARG:13 32 39 50 63 2 55 89 29 42 37 41 9 40 56 82 73 28 26 27 95 65 80 51 94 92 8 93 67 46 36 48 52 58 85 20 12 47 60 33 38 34 66 0 35 99 96 49 44 30 61 24 16 64 53 62 19 71 22 1 87 10 72 59 15 74 68 21 98 45 86 14 17 70 76 77 90 83 3 79 6 23 91 11 18 7 84 5 4 69 54 31 25 81 43 57 88 78 75 97
TEST 22 ARG:95 11 27 26 62 55 87 86 43 94 58 33 83 52 64 74 46 0 89 67 25 12 92 32 19 5 68 38 69 78 37 36 66 61 70 17 98 30 47 13 20 7 57 63 81 65 40 41 16 77 10 79 85 35 6 22 84 91 75 96 82 15 73 48 3 56 71 50 72 80 97 2 8 90 21 59 54 23 39 45 4 24 28 49 14 34 53 60 44 76 18 88 1 31 29 9 51 42 99 93
TEST 23 ARG:77 0 86 58 6 55 10 87 40 35 17 20 18 44 46 62 91 33 34 60 37 66 14 29 90 64 12 3 73 38 71 2 97 85 68 45 72 9 59 21 75 42 15 80 84 7 27 76 53 63 5 79 47 25 89 23 82 74 61 98 24 22 43 30 28 8 41 88 67 69 92 81 36 52 51 70 19 50 48 95 93 99 49 94 4 78 26 13 83 54 32 16 57 39 96 65 1 31 56 11
TEST 24 ARG:70 11 28 45 60 58 18 68 98 39 20 63 86 54 52 59 66 93 36 85 8 33 77 27 96 9 10 55 91 74 71 35 72 17 69 92 48 84 7 13 90 49 79 78 99 0 97 81 41 87 67 88 51 57 83 53 94 6 34 16 1 30 50 12 5 42 61 24 95 47 19 37 43 38 25 82 75 80 65 73 29 21 64 32 4 22 40 46 2 89 56 44 3 62 15 31 23 14 76 26
TEST 25 ARG:9 49 63 8 7 37 22 60 92 15 16 83 34 4 75 78 46 13 95 33 19 24 1 32 80 74 86 66 53 65 41 17 89 84 0 82 62 94 55 35 64 42 79 72 52 12 50 28 98 38 11 14 85 25 27 97 3 71 20 81 76 40 96 43 23 77 5 18 68 70 10 67 39 54 91 59 90 51 93 45 26 31 44 87 88 2 56 6 58 69 57 61 30 47 99 48 73 36 21 29
TEST 26 ARG:75 27 70 56 4 33 11 68 23 86 18 95 43 24 31 9 74 26 85 51 88 69 93 79 91 66 82 1 72 49 10 14 61 63 80 55 83 57 48 5 97 94 13 71 87 7 64 28 76 36 6 38 59 22 20 34 77 21 25 3 99 89 17 98 92 96 42 46 50 2 78 30 39 53 16 58 73 60 62 15 40 47 29 45 90 52 81 65 12 41 84 44 8 0 54 37 35 67 19 32
TEST 27 ARG:97 18 55 45 82 8 76 34 40 6 58 49 22 7 79 36 19 99 89 17 93 31 64 95 23 56 32 10 96 81 75 5 27 85 62 59 78 83 37 87 51 28 12 67 11 41 77 90 1 24 88 29 26 9 54 48 80 39 35 91 94 44 70 92 73 69 21 72 60 53 15 74 68 43 14 57 25 84 52 98 46 20 50 71 33 13 63 0 2 30 66 86 3 65 47 42 4 61 16 38
TEST 28 ARG:33 5 93 51 98 43 32 25 78 1 12 72 83 35 97 37 66 11 22 14 17 86 29 21 6 95 24 48 60 34 10 52 77 81 58 92 63 2 75 26 59 91 56 31 9 74 84 40 55 47 4 36 89 18 64 45 54 57 8 16 71 28 68 99 70 41 96 15 82 7 62 19 79 53 39 61 76 42 20 67 65 88 30 50 73 3 49 90 46 38 13 44 23 87 85 27 80 94 69 0
TEST 29 ARG:19 91 27 65 60 21 30 15 78 5 94 4 7 74 10 55 80 72 44 39 22 26 88 28 82 90 63 79 64 20 92 25 47 35 86 51 50 77 13 6 14 69 66 3 46 57 11 93 98 87 41 33 2 85 0 99 67 29 95 43 71 97 48 38 23 53 84 17 16 58 59 40 8 24 32 37 68 34 76 42 89 1 18 54 83 96 73 61 49 81 52 70 62 12 31 36 9 45 56 75
TEST 30 ARG:31 27 39 96 79 24 53 48 28 46 57 14 45 59 6 88 42 47 51 61 62 7 55 8 77 76 67 78 95 44 50 75 82 12 21 37 49 71 99 17 94 43 60 19 38 10 1 11 65 63 33 29 84 80 74 98 35 5 97 41 91 54 22 56 16 2 20 69 40 66 92 52 25 73 26 64 70 81 34 23 83 87 72 93 0 30 4 85 9 3 32 89 86 18 68 15 58 36 90 13
TEST 31 ARG:29 86 65 41 26 69 85 61 96 14 63 21 83 19 25 12 7 67 62 4 0 34 9 20 49 55 17 35 93 36 42 60 8 48 18 75 10 53 87 97 46 47 70 37 31 32 54 27 45 52 24 22 2 50 66 99 39 5 68 78 6 16 44 88 73 71 92 64 95 72 82 43 15 58 74 33 1 84 80 13 76 28 59 30 94 40 81 91 51 79 90 89 3 38 11 56 77 23 57 98
TEST 32 ARG:67 40 14 92 7 11 39 76 90 17 30 35 47 41 89 56 79 4 53 28 94 31 86 26 70 13 66 3 59 85 50 65 74 63 71 57 46 21 60 32 52 99 88 58 23 25 2 18 16 54 48 49 22 44 83 42 78 37 97 55 0 20 81 82 75 69 95 96 62 77 98 19 24 80 84 72 36 29 38 43 27 61 51 45 5 68 10 87 91 12 6 8 33 34 64 15 73 9 93 1
